1000 5000
808 27 7
965 478 1
440 443 10
562 826 8
930 206 3
937 767 10
402 285 2
853 772 1
883 46 3
812 73 8
823 234 5
749 551 3
749 992 9
109 906 5
528 188 1
780 477 1
599 880 6
622 85 8
23 968 6
945 781 2
474 604 6
678 353 7
713 454 1
191 915 10
847 443 8
709 575 6
339 175 6
254 149 1
294 172 1
379 469 2
242 943 8
987 622 3
284 687 8
276 878 3
175 725 9
263 434 4
180 126 9
625 380 9
507 26 3
357 758 3
341 0 8
928 988 10
221 624 9
320 900 7
982 76 4
440 691 1
474 871 7
34 848 9
744 355 6
627 64 6
331 757 6
978 686 6
600 259 10
908 579 3
447 913 9
710 706 2
112 532 3
640 918 1
549 663 8
836 642 4
881 325 2
278 303 10
664 903 9
673 164 10
287 611 5
625 673 1
358 786 5
610 426 4
62 327 9
221 163 3
445 396 8
426 675 3
445 339 7
75 364 3
284 652 6
758 629 9
291 988 7
355 950 6
690 13 3
40 586 9
32 31 5
701 457 2
674 254 1
902 329 8
294 965 2
649 724 1
29 367 1
196 74 4
141 117 7
765 157 5
553 542 7
90 595 6
301 269 1
204 523 2
471 817 8
742 818 4
994 200 1
587 748 7
130 889 4
38 6 4
532 560 8
58 650 3
394 303 3
336 507 8
607 330 6
844 424 6
157 771 8
189 358 6
296 840 7
519 878 4
252 410 4
879 821 6
454 215 1
946 903 1
313 510 1
850 355 8
558 864 9
817 54 9
473 350 9
369 221 7
272 474 9
87 705 10
904 159 7
25 457 10
5 123 3
667 325 8
106 235 4
964 53 8
884 878 8
644 247 10
282 872 6
331 311 3
552 216 5
341 593 4
32 950 7
234 617 5
143 724 2
917 40 7
744 277 5
274 921 5
25 204 7
602 887 10
884 791 6
678 484 1
282 517 1
360 103 1
116 247 7
460 516 9
856 612 6
131 238 10
5 263 6
103 865 5
512 102 6
490 132 3
60 766 10
933 479 5
423 595 4
341 55 10
299 264 5
887 395 3
396 752 9
461 855 6
117 367 10
564 857 3
496 270 9
297 203 10
202 978 8
705 319 5
77 970 9
61 857 4
635 605 6
825 66 3
881 535 3
390 100 2
384 596 2
145 894 7
384 96 7
571 153 8
166 230 9
376 291 6
630 279 4
987 104 2
200 985 8
132 728 8
273 464 6
37 609 10
355 346 8
652 269 2
619 787 2
557 164 6
705 146 5
458 133 1
629 685 7
336 169 7
495 795 1
251 832 3
900 187 9
350 191 10
953 811 8
434 368 2
911 425 10
667 883 3
528 865 1
726 553 10
4 49 7
746 300 1
98 552 1
148 902 2
820 855 3
927 642 4
550 905 9
319 925 5
573 453 10
513 531 3
975 535 4
231 633 4
24 84 7
4 232 1
175 404 9
510 331 3
213 233 8
693 904 3
409 478 8
990 343 1
125 670 6
308 254 2
792 278 6
180 282 10
822 809 5
672 671 6
164 884 2
914 930 6
588 691 4
716 682 10
726 807 10
624 115 4
155 259 2
770 791 6
969 966 8
573 638 9
861 155 6
382 69 8
807 657 9
63 725 1
662 804 8
931 428 6
455 935 7
608 57 1
396 26 9
993 952 9
613 165 4
118 547 5
905 706 5
384 769 10
544 431 4
864 715 4
651 522 1
49 482 8
591 878 7
99 223 9
598 837 6
251 955 5
326 213 1
410 597 3
571 493 6
537 709 1
930 712 5
611 762 8
700 353 8
816 453 2
236 51 9
821 654 6
305 332 1
848 94 8
160 666 4
255 555 5
418 485 8
102 448 10
621 149 5
19 317 8
640 554 1
450 375 8
567 33 10
898 881 7
177 393 5
302 0 10
137 418 7
684 873 6
345 494 7
359 865 6
827 857 10
49 307 8
926 227 3
488 477 6
144 6 9
170 309 9
399 798 10
465 482 5
332 827 1
700 186 7
386 365 4
625 767 4
944 45 3
296 533 10
881 29 6
859 551 7
190 950 5
291 416 7
265 100 6
85 801 5
123 539 2
19 164 9
222 461 5
4 757 10
615 639 2
880 850 3
159 392 6
883 683 2
442 300 4
827 738 7
103 861 6
745 880 3
505 454 4
311 810 1
651 425 2
724 658 3
348 817 7
923 700 3
266 142 3
710 322 1
306 777 5
442 522 7
94 380 4
207 691 4
429 694 10
291 418 10
355 767 7
163 690 7
655 957 2
448 19 6
330 325 3
426 119 8
403 565 8
538 124 9
131 554 4
502 197 4
531 904 3
729 67 4
628 723 3
669 523 2
736 853 9
228 280 9
595 35 4
694 925 1
485 56 5
970 911 4
873 794 8
896 524 5
961 152 8
983 173 1
376 909 7
94 137 9
284 85 6
40 131 1
920 616 9
706 586 10
689 460 5
576 708 9
530 669 3
560 4 6
112 732 5
518 178 4
908 463 1
333 855 3
35 775 9
794 833 6
463 522 8
279 98 6
267 980 7
111 892 3
776 5 5
350 875 3
766 136 8
266 821 3
898 857 10
147 651 3
334 466 7
981 746 7
688 365 10
416 477 2
148 253 9
964 956 7
958 722 3
768 340 4
432 239 1
872 738 4
496 424 1
643 405 7
239 445 2
168 861 9
342 361 5
520 325 1
926 635 5
820 403 5
184 836 6
756 60 6
980 556 10
670 551 7
106 143 4
259 311 5
890 5 8
774 526 5
966 804 1
232 625 6
838 161 2
36 269 4
971 249 1
683 271 4
799 729 7
713 989 1
839 879 6
679 5 4
843 971 9
995 555 6
551 393 9
294 429 8
98 401 10
810 436 3
73 235 3
480 300 4
550 492 5
977 171 10
931 14 3
41 362 8
776 913 1
376 207 1
245 657 4
716 467 10
459 893 7
283 725 10
96 275 2
140 604 5
189 535 1
913 576 3
840 704 6
160 432 6
262 678 3
117 394 3
408 205 6
287 488 1
466 584 8
489 76 4
683 617 10
595 530 8
518 370 5
705 883 7
100 497 7
505 967 2
729 727 7
846 14 8
688 832 4
157 321 1
230 356 8
839 952 1
729 470 3
323 175 8
349 628 8
406 133 5
209 214 2
217 60 9
714 748 1
500 905 3
10 135 1
489 327 3
499 408 5
584 731 3
551 432 1
368 190 6
504 751 10
16 969 2
894 35 10
956 535 7
340 897 4
81 387 3
773 238 1
640 822 2
682 726 7
704 94 9
859 599 1
580 967 2
361 213 9
242 169 7
28 510 4
301 591 3
254 716 4
966 708 8
58 390 4
286 94 1
704 305 10
874 885 9
717 598 4
596 840 3
362 868 5
377 522 8
780 128 7
125 94 5
292 504 6
186 790 2
526 847 8
817 721 5
427 439 4
250 387 4
594 749 5
449 126 7
246 258 7
112 383 1
39 676 6
356 214 8
767 92 5
836 261 9
791 688 10
696 938 7
89 532 6
55 333 4
191 580 3
807 44 8
870 83 6
437 791 10
794 559 2
351 747 3
981 538 3
50 586 1
506 28 6
63 83 9
98 627 1
392 434 8
70 656 3
775 93 5
47 240 6
410 591 3
683 924 4
995 974 10
598 832 8
85 895 4
905 345 1
306 738 5
455 160 4
687 935 7
63 334 7
998 745 10
33 428 4
606 775 10
117 725 2
305 810 9
928 716 5
530 374 5
214 181 5
259 220 10
46 284 7
424 634 2
746 667 2
991 625 7
211 743 5
262 400 5
913 680 3
909 210 9
643 776 10
537 36 1
718 82 7
234 858 3
495 604 1
888 596 6
705 159 1
951 773 1
7 686 1
780 595 1
630 590 8
310 127 4
562 198 8
450 432 8
972 280 3
514 168 1
682 225 10
592 176 3
903 184 2
245 316 9
446 946 10
775 608 7
140 522 5
939 972 10
596 297 10
210 811 10
420 493 6
141 86 4
284 341 8
465 586 4
593 32 3
664 159 3
511 299 6
907 238 10
88 187 7
549 397 9
179 818 4
386 959 10
769 595 3
337 412 10
572 358 4
106 22 4
249 885 5
914 145 6
903 233 3
542 783 10
640 962 10
935 348 10
317 117 5
39 806 10
348 731 8
394 837 10
599 86 8
455 352 3
550 608 6
832 150 9
864 142 3
713 77 3
522 394 3
279 786 9
448 486 2
327 880 2
228 831 8
15 287 3
947 837 1
113 22 3
413 886 7
676 951 6
638 826 1
70 105 7
661 905 5
334 584 6
845 812 7
443 828 4
97 127 4
359 240 6
123 6 4
29 682 5
364 672 1
446 95 8
314 108 5
669 442 1
256 288 4
322 83 4
28 180 1
923 539 4
840 14 10
643 43 4
749 407 6
682 206 3
71 520 1
718 189 4
948 445 2
343 120 5
566 500 5
917 423 6
860 263 10
809 258 5
792 359 4
799 393 10
902 465 3
112 535 2
765 483 10
706 827 2
82 745 4
286 662 7
733 874 2
842 35 2
698 179 3
962 979 7
431 233 4
773 697 9
657 815 4
338 873 3
491 956 9
144 242 3
572 976 8
615 170 3
268 869 5
280 831 6
686 614 9
261 740 8
19 397 3
965 87 7
737 930 3
255 74 5
140 998 3
547 613 6
341 233 5
315 513 8
620 552 4
510 813 4
98 185 3
500 150 10
128 239 10
360 847 6
187 987 6
341 534 9
666 227 4
212 543 8
941 515 10
285 378 5
368 476 2
553 328 2
824 457 4
26 169 1
301 356 8
279 698 4
517 364 1
693 929 6
30 870 2
271 155 10
677 876 8
269 429 8
10 605 5
343 631 7
875 285 3
42 564 1
95 433 8
728 126 7
903 156 7
946 779 5
367 457 3
264 726 2
194 88 7
580 432 1
136 659 6
49 702 10
11 149 3
338 877 2
946 133 8
425 79 10
59 447 7
921 63 3
564 257 1
812 838 5
692 974 5
857 375 9
938 387 8
453 77 8
94 24 1
243 801 2
172 212 1
558 133 5
670 49 4
223 861 2
559 906 9
555 115 4
253 54 3
453 859 3
882 953 9
92 196 10
85 369 2
526 279 7
30 950 6
143 525 9
447 84 7
77 640 3
82 245 9
827 698 10
649 580 3
847 24 1
846 462 10
409 988 10
105 18 2
202 513 9
512 312 5
729 741 7
413 824 3
503 651 3
452 300 6
706 499 2
156 345 4
328 754 2
779 211 2
532 413 8
810 277 2
524 6 4
583 771 10
535 626 1
889 430 3
824 136 4
488 645 9
261 973 5
375 752 8
506 284 1
855 446 8
517 970 7
920 905 10
851 440 7
433 682 7
315 858 6
400 346 1
478 608 6
14 983 8
761 841 4
273 697 10
62 214 2
210 486 8
130 337 10
28 770 2
356 437 1
173 837 7
283 667 7
70 33 10
257 146 4
432 419 1
701 833 7
293 44 3
142 526 2
431 906 4
755 614 1
585 788 10
113 423 9
250 494 2
721 103 10
386 536 1
396 237 4
972 882 10
386 376 8
489 160 6
362 915 1
672 852 1
523 965 4
41 567 10
944 641 4
993 27 2
813 424 1
819 748 6
220 487 2
148 976 2
685 339 7
485 363 1
777 239 7
493 280 6
702 577 7
367 922 7
568 88 1
359 907 1
384 479 10
137 979 7
699 665 8
527 502 1
208 280 10
206 773 3
771 475 2
330 195 4
916 115 2
278 474 1
740 210 3
690 348 2
968 399 7
585 278 10
917 486 2
137 44 5
341 168 2
122 850 7
177 766 3
969 396 9
371 136 2
253 178 10
115 146 1
993 83 9
374 1 8
35 490 4
469 831 2
731 305 2
539 482 10
463 803 6
862 527 5
823 780 5
484 247 2
896 593 7
586 967 8
763 3 8
337 824 1
430 907 8
22 447 1
83 910 6
189 124 3
135 299 6
259 135 3
882 383 8
941 970 6
648 733 9
198 422 5
930 853 3
968 227 10
840 310 2
515 851 9
718 338 8
405 950 6
339 832 9
867 125 9
362 774 5
212 324 7
886 254 2
468 574 9
849 414 10
141 930 3
261 0 2
328 405 2
883 744 6
174 963 2
82 325 8
76 889 2
493 128 8
114 596 3
315 798 7
826 291 9
188 552 1
241 880 8
892 116 5
728 290 8
41 724 4
128 801 5
891 646 3
908 112 2
500 427 10
859 605 1
147 794 5
140 35 7
537 280 3
31 360 5
489 401 10
624 881 3
648 772 9
153 32 1
254 533 1
153 744 6
695 243 2
789 383 10
115 921 10
910 952 10
346 441 3
155 417 4
469 66 6
77 219 8
150 825 3
2 978 9
459 25 3
711 166 8
350 281 9
621 543 4
900 890 7
932 397 5
197 867 3
882 296 4
951 446 9
906 448 9
956 260 4
898 971 2
928 673 5
526 294 9
781 546 1
478 830 8
592 27 7
476 261 4
579 564 10
859 822 1
117 779 1
752 29 4
553 957 9
987 836 3
317 617 1
537 95 1
507 39 10
343 867 3
476 446 7
408 657 10
140 774 1
132 878 10
95 431 8
83 771 6
717 440 3
249 978 9
259 485 10
0 828 8
2 657 6
920 65 4
309 205 10
181 689 9
731 136 2
590 219 3
285 288 4
597 537 4
357 148 9
509 500 9
528 502 6
993 422 3
116 84 8
718 265 9
846 348 5
757 290 4
792 575 4
267 525 3
720 234 3
10 743 3
480 271 5
256 617 10
448 85 6
198 803 3
636 649 4
211 759 4
356 551 2
142 170 7
464 242 3
287 252 7
609 732 10
786 340 9
737 141 5
124 339 8
776 327 10
129 538 9
773 247 2
696 389 2
792 205 4
474 492 8
252 454 2
654 240 3
672 329 4
128 453 5
36 581 2
297 711 3
317 836 2
888 532 1
981 676 8
316 502 1
903 107 7
574 761 7
938 785 8
443 914 1
287 302 2
459 599 5
873 916 3
534 156 7
936 137 3
543 453 6
995 708 5
901 634 6
399 573 3
226 16 9
858 656 1
72 467 2
348 340 10
461 226 6
457 162 5
482 57 10
9 53 8
643 954 3
390 354 8
922 932 6
73 791 2
173 215 9
577 563 9
896 376 5
724 186 9
688 668 7
458 29 2
287 672 6
751 62 2
140 336 5
546 409 8
607 935 5
136 512 10
356 760 7
803 484 3
763 525 3
781 335 2
852 622 4
878 726 8
961 866 6
977 412 8
136 372 3
510 860 7
800 216 9
818 371 4
22 135 1
894 916 6
147 121 10
72 999 8
411 312 5
86 290 9
875 426 1
599 289 1
835 441 10
536 259 3
369 633 8
431 879 7
476 26 8
847 450 9
945 861 3
261 299 3
989 175 2
90 126 1
402 962 4
283 850 5
536 219 8
923 2 7
931 830 5
60 677 7
540 622 8
333 883 9
415 225 6
628 667 3
130 69 7
73 353 7
627 889 8
814 164 10
232 448 10
28 860 7
274 401 2
733 734 7
844 501 4
129 482 1
541 612 1
267 686 6
195 313 5
342 480 1
843 64 1
822 445 2
831 71 3
814 157 9
32 1 2
476 130 4
586 24 7
118 643 3
3 839 8
129 181 10
420 25 5
510 199 2
813 30 3
165 196 10
603 229 1
247 57 4
20 643 8
406 762 1
830 765 10
568 247 4
489 19 1
123 881 10
554 695 3
57 860 1
68 816 2
81 63 9
224 435 3
391 194 7
553 24 4
555 944 1
738 434 10
650 909 2
761 816 7
255 225 9
946 293 5
217 374 10
546 598 8
870 341 2
956 895 8
159 450 5
610 540 1
431 190 2
782 951 8
180 559 3
439 505 9
865 74 3
707 972 4
984 842 7
807 798 2
6 310 4
150 920 4
80 703 6
272 838 10
631 18 9
864 809 6
94 27 10
698 734 3
901 70 5
150 229 6
293 235 6
887 386 8
372 818 1
400 442 9
379 426 10
269 290 9
664 736 6
485 434 2
927 688 4
564 838 5
351 131 1
96 370 9
465 95 9
185 495 4
96 226 10
25 495 2
763 511 8
881 996 2
84 924 10
710 840 10
564 191 2
654 639 4
482 104 9
833 289 4
626 385 10
845 762 7
706 878 8
303 759 5
686 195 1
406 905 3
667 470 4
708 476 3
472 311 9
682 144 8
388 770 6
319 967 10
746 673 8
35 328 9
969 14 5
531 772 2
933 440 4
878 500 1
462 324 2
150 7 8
480 395 10
195 714 7
24 812 10
84 848 10
902 817 4
916 701 7
188 634 9
281 513 9
203 975 4
436 478 1
813 958 8
664 153 2
130 529 5
621 965 5
440 868 4
626 136 5
584 676 2
982 310 5
880 513 2
103 950 10
685 115 8
662 780 3
706 262 5
562 236 10
266 676 10
139 654 7
714 238 3
275 220 3
701 101 9
454 556 9
686 242 6
523 256 8
218 962 3
794 524 9
335 142 7
745 282 2
291 348 10
513 975 1
398 28 4
796 482 2
496 168 6
311 44 3
611 614 7
173 408 2
323 95 6
149 840 8
630 131 8
350 997 5
642 395 3
387 543 8
688 39 8
584 702 4
88 665 8
554 838 8
897 161 4
383 311 6
502 941 8
970 643 7
116 285 4
939 672 7
596 713 6
773 649 10
347 737 6
886 643 6
186 893 10
229 628 1
464 130 4
183 452 10
251 569 7
714 860 2
72 456 5
469 581 6
569 280 5
686 167 8
641 353 3
110 934 1
242 750 4
668 286 6
89 537 7
795 604 7
526 676 3
322 498 7
767 419 7
301 105 4
831 746 9
253 209 3
304 803 4
837 471 10
174 560 9
81 708 3
199 234 2
774 909 10
930 676 9
366 330 6
322 161 4
630 766 3
873 422 7
218 259 10
497 786 3
17 219 1
790 418 7
943 544 6
242 474 5
312 193 5
487 515 6
760 497 2
595 370 5
233 940 6
342 789 4
716 807 3
446 949 4
115 892 8
340 486 5
594 150 8
530 989 5
275 101 2
139 696 5
73 929 5
970 624 5
654 340 4
908 139 3
581 254 5
151 946 3
195 893 3
784 423 2
888 51 3
489 190 2
813 615 1
430 585 7
836 591 10
49 500 9
211 433 5
617 584 3
509 131 8
903 915 2
934 155 5
418 645 5
599 810 10
62 592 7
500 428 9
279 477 1
197 40 4
73 657 1
896 518 2
963 421 10
806 707 5
700 126 2
136 77 5
187 491 7
824 992 6
404 623 5
484 821 6
997 246 3
799 142 4
381 458 5
582 264 3
586 317 1
940 805 10
104 993 4
212 169 8
397 573 1
764 409 4
819 758 1
883 558 3
466 291 3
823 873 8
887 811 7
429 751 2
400 207 5
863 420 6
22 169 9
453 933 10
56 104 9
906 340 7
251 158 8
53 981 3
472 220 4
208 649 8
102 402 5
636 265 5
692 288 7
672 93 2
414 149 7
562 408 9
620 11 7
969 416 1
191 889 1
576 449 3
713 551 5
410 540 2
174 232 2
812 256 5
384 670 7
412 584 7
780 556 10
658 877 6
518 68 5
951 997 7
385 710 8
869 120 8
322 647 2
416 811 1
250 547 3
938 959 10
386 91 6
845 750 4
721 268 4
837 571 1
403 956 4
521 177 6
530 500 5
124 916 7
974 518 6
846 457 6
655 843 7
373 41 7
616 762 8
631 599 9
292 3 6
367 876 3
914 758 5
109 882 1
467 856 2
372 55 1
589 62 6
546 435 7
604 403 9
931 35 1
830 679 4
37 46 2
69 960 10
306 421 3
458 240 1
129 613 8
609 202 1
637 100 8
353 705 4
184 988 9
614 818 10
399 207 8
60 629 10
479 935 2
781 393 2
644 523 7
561 484 2
541 473 2
661 179 9
184 363 8
94 329 8
35 728 6
22 788 5
321 619 10
394 753 5
708 397 8
986 958 5
467 852 10
401 865 9
39 401 4
18 495 3
816 882 1
821 904 1
807 577 1
376 324 4
690 384 3
880 370 3
906 190 5
757 591 2
436 982 3
829 1 10
552 169 2
354 990 8
297 149 8
507 877 4
822 919 8
534 799 8
556 57 8
783 815 1
874 603 6
367 784 7
706 688 6
280 43 8
757 340 9
516 199 6
599 21 5
66 907 7
256 815 6
635 598 1
606 825 6
911 192 1
569 250 9
396 882 4
565 992 6
883 508 5
78 108 8
192 526 5
810 782 1
486 418 1
328 376 6
774 639 10
356 560 3
274 956 5
588 873 7
945 756 8
150 186 8
727 730 4
564 541 9
216 27 9
466 707 7
894 481 6
513 837 6
87 464 4
544 404 7
992 349 5
949 499 1
366 579 3
662 143 4
92 711 3
940 177 1
868 423 4
83 289 2
210 376 8
293 920 2
601 913 1
665 214 3
267 933 2
599 947 7
825 39 10
429 331 7
389 199 3
535 634 2
518 196 8
965 489 1
816 442 6
368 459 10
772 726 5
755 677 2
881 502 1
70 284 4
789 25 5
931 560 9
714 78 5
873 43 6
953 211 10
650 580 9
210 352 7
54 108 5
198 341 9
380 764 3
894 905 9
958 188 9
9 902 10
903 775 3
991 81 7
520 731 9
509 293 1
575 700 1
319 898 5
270 278 1
152 524 6
412 483 6
233 492 8
132 747 5
426 738 6
932 259 10
722 768 3
865 695 3
115 367 3
411 637 4
471 141 8
788 906 3
293 139 5
52 623 5
587 401 3
202 686 2
901 408 2
246 273 8
290 741 7
585 152 4
158 976 7
607 116 3
583 316 3
206 840 10
960 103 5
646 976 8
406 970 6
32 659 7
773 715 2
277 408 2
253 594 9
370 39 9
132 622 6
594 181 8
996 141 1
952 139 10
809 545 10
265 577 9
363 702 4
46 980 4
887 585 10
335 307 9
676 439 2
981 386 5
478 734 6
431 686 7
712 847 2
611 112 2
521 827 6
146 873 6
179 760 4
510 448 1
529 124 3
522 457 1
696 287 5
363 718 1
169 430 10
872 393 3
153 914 2
841 412 6
156 591 8
761 102 6
322 983 10
26 505 7
116 553 5
292 916 5
802 85 8
511 957 3
685 463 8
39 304 10
914 812 4
901 574 8
689 248 1
248 626 8
617 742 1
273 34 7
999 188 4
508 51 1
411 89 6
580 128 10
161 394 5
334 647 1
313 336 1
275 937 7
742 906 9
114 531 5
402 530 5
775 391 6
458 802 7
603 382 7
405 543 1
371 230 1
911 543 7
51 819 6
817 913 2
677 380 5
923 782 6
357 910 7
194 368 1
473 323 3
879 80 8
32 451 8
832 714 4
968 117 5
746 934 8
77 963 8
292 238 3
389 947 3
877 142 3
519 615 8
191 846 1
110 878 4
260 710 9
953 31 6
169 129 3
946 558 8
456 202 7
100 591 4
654 820 8
576 339 5
525 882 2
555 345 2
389 605 5
289 910 8
954 79 7
258 377 5
526 833 8
384 285 1
189 939 2
137 867 3
51 393 8
164 300 3
156 41 10
210 330 10
647 637 9
565 895 6
689 773 2
16 509 7
287 699 7
730 188 4
864 591 9
881 756 10
595 264 1
914 826 4
143 825 1
451 390 6
137 79 2
8 448 3
516 735 2
612 817 2
928 681 4
988 915 2
349 510 8
400 425 4
133 920 9
855 372 9
472 861 10
863 221 8
116 737 5
419 702 2
263 982 4
346 970 1
889 320 1
696 72 8
329 205 9
139 412 3
339 884 6
970 100 7
698 568 6
512 987 8
496 250 2
161 948 3
741 837 3
831 885 5
51 214 2
191 705 4
55 396 10
780 367 10
78 65 8
113 929 8
203 425 8
274 938 9
668 679 8
30 863 4
816 914 10
159 105 6
914 160 2
554 292 1
293 370 8
953 835 8
600 390 5
849 17 4
47 685 5
435 68 8
708 236 4
547 396 1
444 662 1
738 216 5
398 862 7
476 815 3
835 415 5
971 264 4
46 664 2
801 99 10
770 159 8
654 58 6
994 855 9
847 593 7
991 343 1
210 171 6
264 6 3
708 330 8
522 376 2
373 529 3
644 300 4
503 306 2
759 300 7
29 499 2
515 843 6
216 53 7
83 317 6
366 377 6
265 899 4
828 624 4
490 620 6
663 124 2
246 883 4
685 912 6
716 779 9
443 995 4
342 431 3
247 797 10
834 62 2
149 890 8
994 732 9
139 747 5
942 993 10
398 678 2
353 747 3
503 190 1
706 532 2
930 131 9
179 317 3
680 467 3
158 461 7
608 953 4
182 895 9
991 645 8
64 998 7
916 853 7
468 911 2
99 841 3
879 21 1
721 53 10
805 211 1
621 171 4
536 353 2
445 344 9
384 760 10
70 29 3
298 497 5
59 949 8
304 828 1
866 902 5
895 59 8
385 33 10
181 569 5
224 14 2
912 398 2
951 468 1
196 119 9
352 178 10
349 834 10
72 700 2
496 595 4
835 333 7
994 866 8
859 90 3
420 354 3
93 658 4
444 206 3
644 558 3
793 259 8
122 331 8
706 179 4
349 15 7
377 361 5
974 572 5
938 344 1
301 438 1
484 882 7
138 878 7
970 23 9
637 145 2
357 203 2
672 552 9
320 281 10
834 256 3
790 546 9
100 847 7
773 683 1
299 821 9
88 144 2
136 133 10
867 490 3
130 162 8
408 482 9
400 316 7
964 106 4
872 559 1
219 332 7
799 983 10
610 423 4
91 559 10
70 779 2
605 909 5
692 670 9
60 70 8
37 386 6
912 258 7
282 829 1
40 981 5
620 591 8
695 34 10
904 457 9
956 62 10
522 754 10
570 166 2
639 555 8
167 467 7
253 102 8
24 142 9
130 114 2
659 810 7
463 968 1
877 98 3
631 897 6
149 119 7
705 78 4
524 944 8
626 344 4
121 372 4
235 344 3
45 702 4
112 165 2
782 42 2
327 25 10
794 174 1
900 231 9
174 108 6
53 86 10
956 207 4
341 795 10
33 840 2
178 952 7
940 87 1
151 766 8
612 560 5
544 460 8
203 986 6
510 39 3
161 347 2
184 688 7
904 74 10
677 252 4
264 544 1
596 48 9
954 12 9
190 557 2
657 112 10
233 622 10
895 135 9
116 319 8
485 575 2
694 253 6
207 869 3
160 817 1
878 123 5
509 313 2
952 971 6
381 204 8
850 451 5
371 919 5
228 404 2
511 98 7
398 658 8
830 818 6
662 48 9
507 909 3
908 861 4
774 243 10
613 445 1
588 816 10
234 396 7
807 259 5
634 658 5
681 488 5
546 503 6
887 10 5
541 918 7
166 44 2
995 10 7
627 950 6
178 184 2
134 991 2
541 977 2
957 659 10
192 557 3
827 796 5
371 337 6
129 503 10
130 850 2
929 477 2
544 8 8
555 494 2
178 35 9
459 993 10
581 537 10
205 364 6
840 87 6
745 569 9
46 699 2
358 628 1
971 172 9
121 80 4
262 258 1
732 70 6
862 651 3
253 856 7
88 48 7
613 145 6
994 192 7
577 902 8
637 225 2
706 346 2
621 608 3
923 341 3
219 555 6
51 808 4
600 248 5
236 214 10
793 560 2
49 137 6
286 126 2
48 184 10
241 805 1
45 729 2
919 948 9
444 351 9
530 951 9
664 539 5
943 332 5
767 734 4
844 372 1
147 772 5
797 366 1
407 411 2
710 331 2
920 127 3
938 657 7
908 673 6
93 617 1
189 736 7
423 580 9
783 80 4
679 877 10
381 636 1
812 346 4
895 618 2
978 556 1
716 816 5
641 909 2
603 451 10
299 874 2
368 9 2
561 688 1
472 70 7
442 234 5
96 482 3
229 460 1
19 176 8
483 169 9
916 773 10
85 72 6
187 792 5
720 705 6
131 177 8
177 972 4
922 420 6
284 649 8
555 20 4
994 504 6
342 420 9
494 858 3
519 397 8
554 117 3
981 248 3
478 426 5
561 700 5
127 984 6
504 891 6
410 885 2
837 580 5
37 74 3
309 593 10
726 499 7
201 480 8
853 310 4
477 872 6
873 351 10
918 207 4
335 617 9
257 806 9
951 843 3
855 153 9
156 231 8
574 432 1
241 637 1
686 114 5
831 339 6
313 609 4
686 945 3
944 554 10
135 857 3
399 64 8
257 220 2
615 794 6
805 36 4
657 74 10
382 906 10
809 219 9
92 257 6
697 201 2
108 688 1
362 88 5
122 345 5
113 312 10
888 469 8
653 127 4
533 861 10
752 670 1
932 115 8
410 812 2
441 272 2
34 634 10
338 756 8
911 534 1
381 593 4
860 726 7
721 118 1
391 728 6
506 948 6
670 721 9
942 534 3
929 84 2
37 683 7
259 594 3
369 327 6
484 187 4
133 260 2
885 4 3
570 862 3
17 533 6
258 827 10
180 108 6
793 146 9
621 405 6
335 774 3
642 610 3
676 743 5
827 981 9
411 551 2
943 921 7
900 179 6
40 711 5
615 857 1
226 830 6
431 166 2
315 808 4
739 484 8
424 664 9
464 427 2
367 723 3
155 623 4
771 663 6
847 631 5
717 857 5
344 640 1
97 955 2
460 695 6
919 471 2
359 935 10
351 655 3
615 810 6
59 581 2
566 780 3
282 849 10
476 193 2
189 642 7
710 455 4
67 374 7
89 734 5
538 437 10
710 52 10
857 463 4
668 29 4
110 311 6
761 140 1
404 681 4
3 391 9
296 458 3
765 547 9
169 437 6
580 499 9
449 357 2
604 25 4
540 488 7
325 601 9
655 6 10
628 9 1
261 563 5
808 451 4
598 129 6
97 507 6
454 700 2
832 275 2
672 514 9
273 244 5
631 304 5
992 106 4
2 367 9
776 528 2
72 126 1
947 575 10
624 30 3
906 214 8
79 886 4
578 511 9
84 495 3
218 487 1
113 841 1
571 618 9
833 690 7
575 989 2
825 614 4
127 872 8
56 951 6
500 881 8
540 965 5
532 536 2
334 649 4
504 573 4
554 758 6
730 333 5
834 158 1
967 637 3
667 694 7
252 546 10
701 86 8
645 970 4
429 304 3
54 809 8
297 363 6
582 446 2
208 632 2
449 951 10
913 618 6
681 223 2
683 276 10
650 922 10
153 703 6
657 757 5
87 406 1
922 340 9
443 548 1
827 349 2
496 615 3
211 648 6
824 331 4
523 333 6
544 486 1
869 496 10
356 583 6
558 857 6
206 653 7
486 480 8
69 328 5
271 891 4
48 715 7
102 590 1
429 134 9
460 355 7
599 711 2
497 269 10
734 827 5
520 665 5
360 735 3
814 358 6
269 407 3
408 861 3
528 290 9
838 102 4
645 54 8
386 551 9
337 285 7
941 158 4
25 870 9
789 36 10
796 306 9
518 714 10
830 594 10
980 784 5
486 429 9
703 168 2
893 505 9
911 447 9
595 824 9
365 966 6
494 762 4
382 281 10
131 463 4
523 796 8
369 282 10
917 337 10
720 230 5
808 142 4
759 89 1
227 454 9
84 949 3
247 683 6
828 167 10
3 42 8
611 411 10
352 680 9
261 752 9
27 560 3
241 671 4
983 899 9
691 335 10
513 935 3
321 763 2
240 767 4
659 730 7
8 434 9
46 695 1
666 722 4
781 315 5
984 650 6
642 341 2
953 207 9
596 528 2
109 120 1
313 779 3
631 139 7
630 537 2
380 203 7
43 336 4
730 321 5
387 588 10
946 796 8
826 768 7
298 210 2
429 383 6
920 989 6
457 643 8
13 371 4
349 414 4
22 460 1
338 200 10
959 498 6
528 677 6
854 975 7
198 757 2
173 677 1
130 135 6
467 148 7
552 849 4
367 872 4
498 562 6
217 873 5
732 401 2
720 607 9
918 157 6
499 682 4
421 812 1
987 632 1
275 536 10
978 904 4
494 402 8
561 971 3
127 703 6
18 775 4
589 693 3
564 544 6
569 318 10
61 657 4
701 932 1
543 263 7
608 757 9
588 670 10
440 798 5
46 168 3
611 757 6
333 674 3
810 12 8
467 565 9
751 7 4
14 353 3
123 101 1
794 172 3
592 299 9
760 201 2
870 796 8
544 640 10
139 450 2
148 269 8
507 21 7
112 387 1
974 511 4
776 657 9
19 249 8
659 361 9
263 231 7
200 127 8
579 619 10
971 767 10
280 626 3
948 739 10
618 65 3
94 842 10
742 213 1
689 872 3
837 135 6
133 687 6
422 267 5
162 590 4
523 222 1
257 170 2
378 141 9
11 235 3
300 977 6
543 666 1
795 855 6
982 988 6
297 763 5
231 925 7
637 448 9
669 57 1
440 435 2
980 446 9
363 99 6
958 642 4
778 789 1
86 771 2
81 421 5
695 652 10
251 641 10
381 310 7
33 102 2
475 83 1
801 213 5
443 588 6
584 819 2
707 390 5
128 76 2
133 335 5
774 746 6
85 214 9
187 117 6
270 819 4
68 620 7
825 415 5
360 999 6
333 707 8
387 835 4
840 320 1
544 95 9
981 180 3
451 719 3
749 342 2
902 410 3
620 587 8
926 947 10
52 632 7
513 863 2
834 845 6
281 574 9
461 516 1
532 280 10
226 512 4
989 716 4
576 335 10
524 954 4
508 632 4
880 146 9
91 332 4
199 613 8
287 426 7
827 310 7
468 537 1
11 526 9
174 454 5
616 330 9
109 839 4
874 719 2
502 810 4
328 9 9
727 297 7
995 476 7
544 945 6
604 956 2
733 483 9
549 451 9
319 912 8
722 787 7
623 641 10
208 321 9
406 49 8
382 396 5
21 940 2
196 897 10
250 982 5
758 531 6
596 850 9
274 573 8
22 548 9
581 757 3
502 515 4
719 898 10
765 271 1
756 467 10
56 717 2
190 475 5
128 424 5
978 698 10
615 72 1
245 654 8
197 156 3
550 227 3
652 993 4
694 749 2
633 157 1
906 700 7
710 828 1
716 806 1
648 421 3
128 18 9
365 568 7
469 118 5
472 122 8
745 816 9
838 801 9
649 707 9
287 769 7
997 486 5
109 486 8
293 614 6
484 331 4
830 800 5
404 272 7
323 370 6
344 208 7
522 209 5
400 496 4
458 845 2
674 306 8
311 600 4
318 436 5
894 266 6
588 23 10
756 698 2
93 42 3
880 564 2
726 316 1
341 126 6
795 800 3
382 463 5
936 782 1
172 676 7
209 616 2
871 724 1
254 818 3
846 698 10
0 776 8
650 117 5
497 912 7
299 647 1
405 935 5
595 107 1
404 669 9
587 540 3
117 794 1
42 993 1
883 993 7
40 995 7
676 844 9
113 144 8
365 901 3
399 497 3
461 253 4
139 840 4
541 958 10
114 352 3
384 235 8
431 275 5
947 304 10
727 417 4
507 134 7
221 885 4
43 346 9
886 837 10
621 730 10
151 844 2
25 229 9
893 12 6
107 311 10
166 390 9
721 897 3
178 119 8
483 514 6
42 753 3
793 374 4
502 877 8
915 255 9
915 148 1
190 607 4
770 126 5
118 199 2
953 729 3
320 565 10
738 607 3
640 752 9
273 606 9
103 873 4
161 788 4
232 978 1
317 748 9
441 219 9
815 524 8
659 196 3
18 934 2
130 575 4
321 200 2
389 303 5
64 465 3
887 49 2
317 366 2
226 160 3
686 975 7
523 634 6
278 653 10
639 135 7
105 808 8
176 197 1
121 613 8
205 500 7
268 818 6
80 396 6
814 82 3
73 957 7
528 235 2
917 227 10
234 332 8
751 860 8
923 333 1
561 539 4
599 807 4
4 239 10
921 54 4
813 127 1
692 7 9
575 924 6
594 510 10
774 613 10
503 537 6
845 98 5
688 697 4
701 54 6
462 975 2
305 789 1
458 481 8
846 56 2
461 3 5
760 129 8
271 632 5
116 477 5
852 518 5
748 219 1
883 34 6
424 339 7
444 797 10
471 995 7
774 808 2
588 568 1
368 192 5
332 308 2
99 161 2
915 909 4
785 144 8
982 568 7
969 364 7
788 187 4
16 313 3
247 254 3
959 622 5
303 306 6
477 405 9
168 672 10
431 457 4
728 440 4
717 761 8
855 549 7
988 918 10
23 145 8
645 199 3
304 266 10
709 494 1
734 983 2
191 616 3
983 169 2
744 438 7
646 246 7
564 16 10
81 391 5
558 37 6
691 341 3
652 402 7
782 488 1
696 680 9
338 15 1
49 112 9
967 758 8
873 674 4
62 755 5
748 666 4
634 709 7
138 361 2
784 496 10
766 192 2
365 882 10
485 283 2
395 250 2
552 475 6
77 538 1
994 638 7
299 624 8
298 762 2
699 547 8
940 665 10
214 30 4
503 867 7
904 615 7
767 519 2
952 597 2
892 943 3
851 242 7
870 540 10
251 591 9
128 532 4
549 98 7
852 601 6
438 857 1
626 624 3
290 576 10
843 820 5
35 23 7
852 894 10
783 145 1
261 626 5
756 175 3
634 380 6
380 818 3
92 797 7
324 87 5
505 282 6
629 318 9
996 522 3
255 305 1
457 918 7
544 674 2
376 309 2
162 41 3
156 133 2
423 458 9
969 315 3
984 945 1
375 293 5
659 900 2
89 357 10
145 901 5
729 630 6
692 144 7
826 300 2
757 75 10
127 45 6
780 381 3
102 756 6
947 416 6
448 857 3
220 355 7
314 84 9
421 128 3
569 955 5
850 64 1
942 192 8
349 324 9
701 426 8
346 725 6
891 526 3
145 746 8
653 60 4
143 833 5
425 402 2
712 252 6
722 194 10
481 543 4
621 596 3
518 942 8
183 185 4
58 683 10
287 688 2
601 832 7
395 609 9
496 321 4
13 395 10
723 876 6
108 850 2
272 368 7
162 904 4
225 314 7
387 601 8
960 202 10
719 949 1
879 797 3
292 811 8
252 886 7
107 346 7
910 619 7
656 781 1
940 358 7
258 97 9
617 410 3
456 129 5
609 8 2
731 301 5
600 905 3
346 364 10
294 274 9
611 283 2
183 223 10
70 833 8
910 451 8
952 259 9
296 868 7
790 951 10
94 552 5
637 250 1
526 545 6
386 508 9
27 43 4
378 465 9
475 375 2
334 328 4
322 976 2
671 766 6
320 861 8
227 850 10
497 728 7
42 114 5
222 493 1
977 871 6
566 699 2
957 33 2
960 708 8
184 379 5
711 699 8
438 278 8
767 776 6
346 818 2
80 393 5
210 370 8
158 288 7
129 246 3
780 558 1
407 94 2
153 805 3
760 595 2
569 715 8
106 61 8
757 493 1
253 56 4
621 214 2
39 343 10
491 475 9
651 882 5
542 388 3
485 500 8
58 70 5
55 528 6
222 638 2
135 891 8
418 864 2
989 256 5
159 747 10
239 751 4
765 645 4
97 130 5
377 188 7
723 595 5
779 170 3
32 305 7
989 75 3
160 64 9
674 575 9
15 166 10
590 932 5
554 381 8
18 110 8
904 834 4
670 965 4
75 997 1
723 986 6
235 146 2
356 172 10
224 187 6
195 777 8
459 683 2
558 701 2
846 957 6
81 980 1
486 55 8
196 778 6
333 365 2
886 73 4
15 649 3
311 196 3
890 656 6
851 566 10
275 412 9
180 845 9
403 331 6
622 879 6
828 564 4
179 451 7
55 466 9
469 129 5
13 20 3
889 223 10
170 850 4
408 31 10
979 786 3
604 408 3
712 236 7
185 768 10
83 175 9
983 996 8
728 10 10
755 151 2
605 587 2
988 516 1
774 128 8
183 972 2
771 381 7
891 240 2
418 918 6
415 78 4
425 257 6
676 12 10
449 970 7
630 958 5
143 733 5
612 268 8
793 391 1
511 635 1
664 53 2
449 820 10
314 597 9
12 625 4
861 74 4
649 57 4
305 552 9
89 516 9
198 661 1
688 524 8
771 188 3
124 638 4
555 952 1
243 316 9
648 177 3
23 178 2
357 483 6
127 925 2
166 123 5
948 164 9
365 935 8
187 411 8
182 966 2
775 561 9
993 210 6
285 233 7
339 942 2
944 70 7
418 236 3
552 184 7
563 901 4
410 88 5
599 271 1
740 46 2
198 39 4
186 676 10
352 367 2
353 664 4
632 434 2
34 986 6
600 901 7
805 663 8
69 262 1
651 3 7
794 201 8
148 387 6
87 91 4
320 797 10
624 429 4
515 463 2
943 415 4
271 220 7
688 641 2
728 292 5
166 438 8
995 586 8
501 25 9
726 346 6
615 322 5
290 837 10
951 780 5
514 404 7
93 92 10
934 173 2
130 339 3
527 335 9
664 188 5
245 914 3
270 881 5
77 171 4
346 474 7
383 989 1
991 434 3
241 368 6
134 850 8
466 377 5
737 394 3
33 639 9
27 261 10
991 338 3
144 37 7
430 772 8
120 115 2
255 708 2
562 195 4
209 661 2
543 750 8
417 135 7
205 162 10
226 505 9
418 650 8
437 432 2
444 905 7
238 512 8
751 74 3
115 636 6
208 531 7
695 949 2
173 154 7
912 381 2
342 151 4
809 588 9
752 385 4
459 975 8
226 726 2
540 193 10
515 401 2
241 96 1
455 621 7
183 534 10
64 876 2
948 38 2
616 790 7
541 601 4
978 179 1
841 719 4
341 235 6
372 828 4
704 635 8
190 818 2
410 883 10
133 183 10
796 151 1
845 692 4
868 22 6
618 863 7
914 556 4
611 928 5
756 984 10
523 175 1
824 937 6
706 422 9
625 218 2
687 63 6
703 932 8
898 902 3
164 816 10
370 427 10
404 184 5
73 59 2
913 236 1
988 942 3
598 919 3
359 607 7
164 310 1
343 560 3
386 76 10
337 446 9
216 202 5
432 276 5
823 541 1
855 882 5
309 832 4
982 544 1
832 90 5
744 12 3
821 103 10
619 974 6
822 380 9
450 494 4
343 196 10
225 840 1
410 756 3
954 278 3
14 111 3
418 207 8
560 380 3
39 0 9
87 174 10
567 976 6
222 319 5
733 897 5
554 307 3
356 261 2
581 275 5
895 46 2
574 958 3
357 350 5
817 437 1
306 356 7
994 578 6
878 312 3
954 218 10
787 926 3
250 507 1
824 403 7
605 977 5
767 686 5
633 856 4
673 514 10
689 508 1
377 738 5
961 693 3
853 832 9
5 82 9
785 906 2
611 863 1
748 983 8
234 616 4
158 642 8
789 331 9
999 60 7
225 22 2
317 875 6
688 232 8
566 18 6
199 981 10
809 81 3
458 316 1
963 826 3
983 615 7
511 967 7
129 192 1
793 862 6
288 550 9
866 468 9
53 667 2
752 828 4
786 287 10
437 602 6
729 937 3
705 800 10
94 930 3
504 723 5
142 11 7
12 229 5
252 635 4
473 387 2
776 526 1
747 963 6
192 44 3
605 102 4
984 548 4
908 404 9
342 546 2
678 910 4
834 162 9
657 636 8
309 412 4
951 160 9
196 704 6
379 661 10
714 998 8
979 906 2
967 601 1
670 631 1
603 466 4
523 123 10
831 784 4
16 88 6
165 636 1
62 367 4
61 81 2
608 60 1
911 379 4
761 50 5
522 5 1
797 529 7
708 360 3
31 376 1
867 893 8
759 955 7
312 16 9
216 976 1
378 240 1
141 1 3
887 875 8
100 24 9
436 732 1
260 764 10
412 370 5
720 638 9
88 636 5
65 47 5
657 189 8
658 381 6
886 930 6
910 9 4
995 799 4
759 318 7
94 83 9
188 803 8
946 243 6
273 660 3
977 317 4
175 976 5
612 214 6
797 476 7
770 471 8
355 582 7
762 676 2
890 216 7
9 515 10
765 788 1
919 117 8
263 644 6
987 256 10
994 405 9
362 527 10
530 883 3
16 645 1
289 887 10
365 897 5
684 662 5
664 933 2
962 196 9
939 536 5
779 530 3
447 893 10
938 775 3
12 791 10
763 432 8
434 797 7
268 481 1
242 498 4
685 812 1
125 751 7
470 882 9
924 681 4
553 620 9
418 632 2
927 747 4
676 181 3
674 449 7
334 43 5
280 81 9
70 206 10
748 28 5
308 952 6
114 858 6
342 276 9
66 555 6
221 584 8
174 258 9
960 945 5
596 225 8
44 647 6
595 395 5
29 55 9
145 169 9
880 864 7
600 930 5
68 151 9
717 677 9
167 637 4
661 233 9
940 629 8
426 225 3
292 606 1
462 751 10
491 984 4
499 936 6
63 4 10
563 721 7
322 889 7
377 902 2
658 843 2
585 621 9
260 265 5
990 727 9
241 570 5
357 422 3
402 485 8
951 401 1
530 75 2
746 452 5
547 462 10
330 48 1
338 660 8
305 650 5
375 243 8
781 600 10
123 3 5
822 306 8
243 188 3
904 934 8
820 834 10
579 164 10
311 855 10
308 160 2
385 887 6
32 668 6
101 143 1
7 966 10
315 209 8
697 465 3
236 286 7
886 217 3
935 881 8
997 189 8
708 574 7
663 958 5
571 59 1
481 419 7
50 734 6
160 783 3
204 20 9
82 258 9
124 545 10
22 542 9
431 603 6
728 618 6
44 189 6
504 23 5
930 425 1
917 585 6
722 789 8
460 223 6
768 348 4
957 370 8
688 153 1
345 881 2
960 278 3
987 134 6
433 417 4
965 334 1
281 56 3
968 869 6
266 989 4
109 299 6
846 339 10
539 684 3
850 996 3
702 984 8
930 769 5
583 735 1
173 16 10
905 336 9
213 602 10
516 711 9
894 910 10
73 449 4
837 299 3
880 1 7
409 931 8
3 866 3
283 40 1
972 297 8
882 510 10
782 379 4
332 625 4
222 50 3
147 887 4
69 119 5
327 528 9
355 531 5
469 167 7
600 491 7
198 488 9
577 621 3
554 16 7
604 860 7
492 3 6
963 148 4
492 928 1
375 222 10
542 261 10
34 597 9
760 795 10
620 725 3
164 279 10
931 884 10
197 728 4
884 691 4
899 535 4
269 911 8
461 805 9
252 191 8
463 303 4
162 923 1
834 88 2
875 371 8
777 920 6
682 156 10
87 56 7
420 677 10
327 490 6
848 743 7
965 206 1
906 795 5
782 518 2
911 438 10
593 595 1
680 3 7
452 680 7
779 171 4
979 266 10
945 824 2
527 544 10
100 802 5
294 936 4
345 847 4
334 440 1
656 472 4
143 924 7
761 56 10
964 35 6
295 332 2
59 860 6
178 960 10
444 606 7
877 303 4
453 990 7
623 646 9
149 141 6
355 902 2
84 218 7
431 866 2
602 925 2
669 455 4
538 899 2
344 129 5
350 582 5
148 205 2
66 354 3
613 61 8
864 497 6
503 928 2
474 882 9
657 551 6
800 442 6
901 138 5
305 488 7
700 636 4
93 55 1
275 668 2
712 885 10
720 388 10
593 862 3
744 519 6
349 671 8
854 924 7
488 581 7
163 830 7
570 662 3
590 203 7
475 594 9
215 266 3
77 468 7
948 925 6
971 473 3
895 511 3
477 37 10
110 552 2
837 122 6
191 713 9
609 540 6
748 756 2
832 185 2
660 486 7
485 457 2
869 353 3
742 182 1
23 644 3
486 481 8
611 24 3
291 634 3
566 734 9
459 566 7
172 226 3
459 63 10
922 285 5
545 27 9
557 402 4
121 888 5
160 851 2
912 142 8
557 61 2
957 872 10
543 45 8
615 504 3
497 778 8
731 323 7
500 232 9
913 706 7
159 866 8
430 779 3
687 336 4
30 293 6
180 778 5
36 681 2
167 220 6
842 787 8
75 755 3
781 964 2
647 23 5
778 225 4
466 840 7
112 976 8
301 508 7
105 897 10
759 416 10
496 258 7
733 333 5
235 466 9
248 466 2
692 244 8
528 63 8
394 175 6
551 476 7
839 933 6
808 44 2
998 540 10
326 273 6
410 508 2
458 109 8
882 801 5
179 681 10
668 75 5
486 979 3
164 818 6
91 627 3
82 977 3
683 303 9
970 66 9
372 876 8
591 758 2
407 289 3
286 310 1
340 796 2
574 312 10
742 403 9
954 837 6
58 520 2
436 491 10
675 215 6
374 158 5
875 566 6
410 852 6
20 545 2
961 119 4
72 213 9
811 167 6
878 226 7
601 14 10
390 689 7
408 416 5
184 291 1
249 701 6
625 73 3
148 34 4
984 459 8
222 270 5
298 500 3
246 102 8
37 844 9
43 604 7
207 788 9
290 390 2
225 15 6
57 515 2
712 499 1
229 74 3
266 724 4
880 322 8
509 359 4
180 402 9
266 961 7
644 251 7
428 828 4
933 237 2
824 950 3
527 179 7
499 797 3
972 678 5
899 539 4
23 719 8
103 986 10
971 982 1
230 410 2
503 343 9
644 520 9
637 47 1
55 546 8
198 871 8
662 122 8
838 497 7
415 600 5
306 572 8
449 802 10
420 657 6
628 654 6
787 291 5
829 698 3
668 248 4
186 263 7
595 101 4
723 868 5
838 527 9
287 976 3
146 396 10
701 376 4
128 163 7
602 344 6
975 13 6
570 199 9
936 146 2
800 869 3
616 707 10
356 994 6
898 141 4
97 194 10
951 323 6
799 925 10
346 252 3
142 823 4
552 759 10
64 911 10
148 879 9
407 235 6
994 133 7
977 231 3
688 534 6
563 333 2
135 32 6
719 174 9
855 78 9
784 142 2
935 290 2
794 49 9
351 43 3
697 372 6
941 61 2
157 976 7
650 463 9
395 183 5
964 38 4
644 174 8
235 462 1
58 608 10
117 959 4
661 8 8
436 949 9
97 106 8
443 756 1
174 152 6
78 116 6
61 112 3
891 699 5
11 758 3
180 227 2
745 888 2
683 676 1
33 125 10
360 920 6
503 94 10
180 525 8
896 938 10
138 829 10
194 840 10
506 373 7
129 118 7
760 153 5
692 187 10
731 899 10
879 402 7
178 935 2
298 831 10
177 321 10
108 515 2
149 373 5
417 502 4
925 614 7
109 658 6
418 390 6
0 621 10
676 151 5
877 449 8
368 979 9
689 439 6
851 589 9
385 6 3
38 932 9
197 393 8
542 812 10
787 164 1
787 840 4
73 69 4
191 789 5
629 479 4
935 330 5
613 715 4
498 106 8
996 303 1
505 845 5
404 985 9
276 772 1
300 845 2
125 388 2
929 18 1
524 305 1
709 270 8
252 768 4
79 117 7
299 622 5
36 27 10
584 655 2
325 307 9
486 432 8
789 713 8
219 238 3
331 947 5
159 551 4
444 630 1
681 281 3
467 317 2
617 429 2
924 169 10
709 946 10
422 445 9
660 249 3
959 324 4
510 167 8
492 479 1
126 413 8
795 375 6
49 344 5
332 620 5
102 329 3
661 104 9
791 116 8
253 76 4
578 938 3
348 783 2
798 909 6
68 56 3
223 458 7
160 790 9
914 892 9
966 553 3
464 697 9
564 950 7
339 881 8
282 229 1
703 379 2
890 799 8
804 375 6
62 535 7
941 449 1
501 415 5
813 232 2
593 148 4
802 487 7
949 121 6
231 177 6
422 67 7
669 224 2
727 286 7
575 579 6
315 80 4
609 245 6
952 191 6
598 993 5
124 294 7
232 525 4
719 947 3
5 968 7
667 695 4
863 270 5
861 586 6
274 547 1
271 852 2
416 450 7
400 926 1
506 158 6
789 877 3
492 883 2
770 902 9
335 765 10
480 978 8
705 252 5
527 523 7
198 195 3
125 848 9
283 673 1
513 446 5
748 539 5
650 327 1
767 738 1
746 735 8
998 280 5
874 28 6
813 227 4
505 704 2
56 987 5
396 852 3
580 600 4
886 602 2
176 722 10
298 820 8
477 818 8
832 44 6
727 858 5
522 715 9
813 123 9
130 519 1
892 451 4
546 690 8
879 218 10
950 517 10
757 994 1
196 178 5
664 258 5
358 780 3
109 946 6
847 76 8
789 320 1
684 218 1
182 97 10
753 400 9
145 509 5
707 706 4
313 370 4
778 80 6
662 189 2
317 388 8
844 178 9
175 862 9
195 396 7
786 502 9
894 647 8
349 706 6
334 19 6
577 149 9
952 811 8
274 129 7
23 325 7
93 852 9
382 48 8
120 186 10
258 81 9
905 430 5
611 764 4
38 693 4
898 645 7
948 271 6
386 295 4
2 388 6
832 122 6
59 242 3
140 500 4
868 758 6
654 721 2
108 111 5
63 10 10
829 958 2
77 344 9
650 698 7
759 901 3
353 265 3
854 710 4
964 585 8
685 928 8
148 612 1
510 293 1
468 246 10
164 494 10
862 483 7
745 242 10
687 947 5
121 801 5
776 117 2
734 154 10
151 303 2
632 813 8
294 634 4
33 150 9
774 365 2
590 110 6
660 149 3
994 622 7
391 399 4
372 133 9
282 636 4
155 620 7
322 914 3
88 299 4
996 73 9
739 664 1
76 676 10
360 670 2
446 61 3
2 786 6
360 420 3
373 575 3
551 250 10
364 338 1
327 686 5
7 777 1
797 853 9
88 213 9
1 12 3
314 14 1
111 726 1
193 99 8
248 2 8
569 366 8
189 45 6
235 404 3
297 201 8
35 641 4
796 643 6
970 957 10
930 420 6
662 966 7
969 214 9
527 135 8
126 676 5
764 264 10
178 561 3
106 631 8
749 476 8
58 687 10
478 624 4
444 12 3
10 402 2
497 159 9
174 666 3
438 577 3
351 41 9
300 147 2
749 896 8
168 306 7
517 137 1
880 933 3
565 944 6
776 441 7
114 967 5
568 405 2
201 109 4
631 409 1
693 159 10
582 327 8
159 197 5
711 429 9
276 994 3
243 123 6
721 589 6
866 158 3
939 711 2
702 694 4
965 739 5
124 674 4
941 185 1
742 136 5
88 320 8
211 297 2
801 242 8
311 945 7
374 108 2
420 681 7
512 765 3
186 529 4
371 841 2
267 935 10
144 376 10
263 587 8
104 740 10
811 403 7
810 777 6
511 550 7
529 62 5
671 248 6
106 619 9
438 238 7
257 734 3
749 998 2
186 102 3
217 266 6
194 428 6
279 939 8
397 820 10
633 491 10
750 597 1
61 387 1
307 997 6
929 746 4
842 284 6
144 501 4
202 695 2
389 326 3
126 76 3
277 709 4
676 812 4
46 873 3
6 180 10
701 461 8
511 542 1
365 307 3
60 149 4
739 281 2
815 234 9
876 29 5
688 422 1
561 907 9
93 36 1
554 616 7
210 479 1
10 844 9
364 905 8
107 644 1
328 811 7
178 687 7
352 728 1
924 641 8
502 735 7
134 641 3
513 203 4
433 213 9
13 577 4
742 36 10
753 716 3
349 894 2
327 598 10
728 874 2
387 377 9
435 863 2
747 376 6
891 162 1
231 175 1
476 918 9
365 23 6
769 372 2
860 52 3
680 780 7
493 519 6
393 955 10
286 54 8
383 297 10
694 528 8
286 4 8
914 721 1
611 490 5
555 351 7
97 383 9
865 876 9
11 621 6
372 259 10
461 643 10
713 689 8
140 975 5
837 241 6
909 853 9
353 408 2
202 857 5
830 722 3
330 85 4
785 809 3
647 271 8
806 984 7
845 476 4
241 313 6
359 574 1
967 279 1
278 481 10
972 312 2
246 642 10
789 780 9
943 427 10
741 585 4
579 782 2
745 24 5
800 383 1
412 350 1
432 980 2
661 304 4
964 550 9
705 691 9
904 634 8
725 727 3
531 659 5
812 404 1
759 556 4
279 968 6
79 752 6
713 765 2
306 81 2
246 787 3
966 691 10
113 416 7
197 947 6
64 760 2
954 519 8
228 150 6
555 230 10
863 943 5
474 601 7
636 200 4
488 166 7
327 280 5
246 477 5
114 805 7
985 694 7
135 200 2
717 161 5
12 536 2
966 344 8
166 939 8
332 225 8
612 631 4
442 985 9
335 451 4
183 788 9
259 924 1
243 993 4
89 358 10
410 324 6
719 490 5
517 822 2
346 787 4
69 581 9
319 916 3
375 100 1
125 711 7
75 954 1
890 396 1
242 158 5
937 878 7
572 747 1
135 93 8
978 514 1
159 833 8
791 560 8
211 685 1
847 950 4
243 350 6
753 426 3
631 992 7
730 732 3
175 612 1
41 72 2
227 801 3
787 630 7
473 171 7
585 18 9
588 613 9
833 366 7
16 350 9
474 432 3
716 608 5
289 649 10
690 247 5
673 333 10
844 31 5
214 679 4
827 29 9
545 805 7
247 573 2
680 777 10
288 242 9
289 483 2
518 525 9
534 198 4
23 394 5
97 608 4
112 787 3
961 333 8
177 580 3
220 612 10
980 252 4
28 542 9
801 60 5
821 946 5
174 969 2
910 418 10
973 531 10
417 492 5
666 21 7
840 242 10
440 222 2
985 602 6
14 756 6
920 577 2
376 752 3
227 14 2
39 340 3
990 757 7
274 776 10
490 616 4
671 408 6
753 746 1
728 760 7
116 32 4
449 760 8
104 340 3
825 731 3
429 721 2
877 347 8
346 837 7
762 861 7
399 614 3
639 694 5
987 162 9
913 964 10
590 68 2
634 893 3
18 674 4
160 903 3
429 601 10
667 363 1
314 763 7
58 402 4
563 742 8
451 655 2
452 245 10
793 232 5
865 250 1
10 762 4
502 544 6
184 563 9
726 229 4
235 288 9
790 851 1
507 302 6
189 107 3
290 900 5
285 118 8
305 128 2
581 983 8
106 519 2
346 245 3
350 832 1
460 622 2
960 130 7
115 671 4
219 961 6
556 598 4
143 256 5
196 837 10
794 295 9
307 641 6
49 343 1
80 803 3
313 763 5
201 230 8
196 802 10
92 358 10
457 853 6
303 49 3
132 195 8
832 502 2
130 904 5
260 984 1
364 649 6
951 851 9
208 399 1
779 843 9
949 301 4
726 604 3
989 89 9
898 921 3
449 403 7
696 663 3
98 380 3
263 331 6
363 891 7
913 671 1
173 972 2
286 50 8
801 391 9
511 290 3
723 91 6
192 139 2
644 237 2
98 853 3
755 216 4
812 482 7
712 655 1
265 294 2
774 95 3
373 606 5
597 681 7
872 873 8
163 870 6
186 968 1
188 724 7
434 536 9
702 248 7
943 865 3
586 639 10
620 12 8
945 961 9
713 834 5
620 349 5
117 536 3
819 76 9
738 510 5
138 213 5
194 508 10
896 94 2
397 714 6
504 11 8
293 724 2
307 697 3
543 166 9
747 986 6
676 724 8
492 862 1
557 409 1
838 657 5
759 55 2
397 559 3
644 204 10
77 863 7
859 406 5
530 154 3
277 830 9
534 322 2
357 231 3
687 422 2
464 533 9
955 930 9
809 926 3
388 3 9
16 863 5
811 393 9
295 670 1
504 556 4
927 913 7
111 953 1
952 417 5
201 372 7
361 533 4
725 922 7
953 290 2
588 453 7
376 749 7
347 253 6
992 532 9
220 643 2
871 595 9
407 796 3
873 157 7
266 883 1
15 836 1
626 776 5
983 505 6
361 204 1
296 548 3
497 768 6
650 991 1
221 398 10
515 624 9
343 242 4
93 257 3
486 236 9
332 571 4
927 932 8
127 581 6
859 430 7
586 80 10
556 301 9
27 817 5
8 512 7
871 606 7
923 444 5
104 776 6
789 55 10
679 182 1
116 393 3
322 979 4
872 887 7
172 267 6
448 275 9
614 498 7
742 774 1
458 878 7
393 19 4
965 698 6
765 815 1
348 489 2
363 361 1
679 885 10
517 333 7
515 300 6
471 394 10
223 853 10
751 598 9
334 563 10
451 681 7
961 381 6
154 744 10
586 775 5
286 292 9
612 159 1
437 982 5
388 205 8
569 956 9
770 642 2
669 93 3
735 406 4
642 912 10
911 499 6
66 137 10
906 749 10
398 539 4
932 279 10
672 849 8
10 619 1
911 640 6
846 727 3
809 369 5
869 281 6
56 699 3
535 605 5
526 3 4
500 287 3
31 311 4
518 321 3
0 585 5
928 783 2
262 592 2
508 813 3
254 869 2
488 757 9
472 283 4
995 135 1
150 166 3
153 37 6
128 389 3
742 317 6
84 579 1
147 440 6
491 694 8
534 182 5
182 7 10
185 2 6
827 504 4
781 658 1
409 786 1
621 880 10
969 316 2
909 815 2
14 306 8
341 840 2
777 374 9
497 911 4
704 739 8
77 872 6
488 281 4
640 255 7
461 224 3
862 485 1
55 851 7
942 545 8
716 322 4
144 171 6
927 875 7
215 953 9
512 793 3
948 433 8
264 246 4
248 109 9
48 516 2
507 811 7
806 527 10
479 23 1
64 303 7
740 870 2
641 382 5
823 682 10
612 298 6
977 547 7
827 947 6
528 806 7
775 612 4
344 92 7
436 508 2
404 601 2
325 242 5
391 417 7
890 29 8
988 358 5
546 185 4
621 713 1
507 488 5
272 184 7
61 973 8
152 377 9
114 55 3
810 446 10
188 689 1
865 29 9
441 575 4
965 197 9
647 56 10
941 681 6
680 742 9
279 246 9
127 360 4
569 170 10
780 711 1
372 576 10
970 18 6
105 335 5
305 334 3
994 275 4
220 307 6
418 586 3
346 65 5
681 986 8
111 766 9
933 138 5
433 460 5
860 917 2
484 223 6
868 217 2
582 437 1
389 208 8
443 906 3
858 588 10
795 51 8
795 984 9
371 769 9
966 629 7
599 465 10
215 334 7
458 916 7
8 657 7
145 101 3
700 959 3
241 106 4
900 253 1
698 624 10
957 942 10
485 542 5
884 757 9
852 215 7
610 575 5
576 721 8
801 773 7
613 366 5
477 266 8
677 317 4
646 626 7
597 111 1
662 347 10
412 551 7
79 162 2
755 90 5
532 891 8
620 505 6
166 334 5
613 11 2
388 9 8
106 607 1
366 621 8
735 33 9
671 464 3
183 219 4
767 103 7
477 723 4
552 889 8
598 854 1
609 595 1
598 701 10
698 68 1
145 155 6
496 179 1
360 714 2
315 481 6
162 310 1
865 215 3
255 813 7
655 775 2
417 373 6
138 72 4
128 569 1
504 417 10
696 778 4
107 445 8
622 607 10
565 825 5
397 432 1
435 87 6
69 857 9
404 995 1
159 476 3
69 332 10
511 28 10
666 135 6
303 110 5
603 675 10
469 424 4
149 859 2
956 928 1
785 332 6
37 491 2
211 913 4
451 424 4
820 442 10
635 746 2
410 701 9
361 522 3
123 568 1
52 600 8
736 275 8
580 779 9
493 614 10
269 478 3
711 477 10
809 290 2
862 130 6
385 394 1
409 517 1
741 569 1
859 658 8
718 238 7
436 83 2
958 704 2
300 415 9
981 577 1
73 439 1
878 176 5
780 937 4
602 679 4
24 890 4
721 608 2
550 44 7
993 354 1
914 6 6
664 988 5
56 413 5
226 291 1
142 423 9
575 25 10
930 401 10
943 122 10
546 24 6
232 369 1
622 283 7
780 299 7
514 355 10
688 933 3
391 75 6
31 3 3
350 933 4
911 229 9
80 127 5
645 360 5
565 334 10
844 114 10
110 981 7
142 669 1
464 412 8
562 443 1
36 145 7
912 56 8
262 136 5
636 134 7
380 699 2
112 895 8
791 358 9
177 500 1
849 964 3
597 878 9
699 267 4
87 179 1
704 441 9
801 429 3
257 162 5
400 274 10
658 417 10
896 594 10
156 796 7
829 745 5
649 444 2
262 884 3
284 940 6
443 741 6
87 351 8
431 751 4
23 409 1
972 306 7
422 814 3
540 995 8
184 644 5
448 907 1
242 191 1
478 986 5
495 74 8
674 505 9
127 880 1
997 853 9
813 627 3
778 167 9
135 703 3
641 503 2
31 98 4
714 576 2
490 423 6
617 97 4
495 224 4
135 573 7
785 386 6
898 164 5
358 652 9
110 645 4
474 29 2
29 743 10
570 233 3
186 850 2
659 697 6
12 185 1
571 970 10
108 220 4
813 578 8
573 41 4
836 515 5
198 544 8
839 114 3
552 652 5
713 311 2
451 676 7
113 599 10
162 59 10
376 872 9
945 445 2
160 634 7
582 743 4
696 315 6
349 89 2
12 913 5
40 921 8
991 900 1
51 100 9
923 230 6
721 401 7
707 439 1
891 21 5
914 69 2
842 418 4
835 783 7
279 823 8
188 815 9
260 218 1
708 141 3
454 214 6
712 921 5
374 812 6
780 79 7
502 921 8
17 108 1
93 387 6
442 927 3
340 188 1
42 248 5
974 54 1
659 766 5
135 493 9
632 273 8
199 775 1
536 792 9
8 237 8
303 680 6
118 372 6
150 767 4
324 93 1
417 753 9
431 240 2
609 873 6
219 72 3
749 960 8
388 968 5
765 623 7
422 741 2
267 244 9
713 568 2
565 337 7
183 768 8
295 730 3
32 949 7
896 698 7
553 438 7
800 204 10
78 978 4
729 246 8
147 311 8
659 876 6
627 59 6
484 706 8
918 90 7
424 987 8
890 540 6
28 692 2
438 771 1
293 500 7
392 0 10
59 11 6
416 638 5
894 475 4
101 393 4
258 818 1
817 60 4
462 89 8
664 879 9
844 524 2
622 916 4
711 327 5
28 96 5
404 342 10
487 443 6
13 53 6
525 870 8
578 685 7
28 349 8
248 545 4
969 519 2
394 230 10
478 258 8
905 662 10
806 502 5
101 515 9
566 40 1
444 971 6
762 999 7
312 247 4
385 569 3
727 963 3
748 794 3
865 699 8
676 505 10
930 959 7
590 877 9
473 673 10
688 436 1
957 100 1
770 837 2
103 916 5
17 664 1
542 881 2
729 909 10
770 840 9
326 782 6
626 255 10
546 296 8
168 253 10
38 375 7
829 478 4
936 848 10
188 390 2
140 471 1
949 241 3
717 919 8
714 545 3
385 443 9
492 612 4
51 2 2
800 184 2
465 120 10
794 308 2
357 800 3
830 749 4
142 818 5
589 533 3
644 918 6
994 763 10
950 166 5
281 966 9
442 431 1
804 226 1
555 935 2
778 765 1
593 260 10
680 201 5
312 845 3
739 192 6
779 142 3
525 423 1
455 217 5
505 21 3
215 929 8
78 707 4
691 652 4
770 332 7
86 644 3
968 384 5
966 515 9
130 40 4
612 495 1
526 352 5
18 919 4
446 998 3
991 689 5
796 811 10
802 897 4
6 217 10
402 183 5
516 253 9
363 136 5
67 40 4
987 225 2
337 117 5
378 13 1
189 242 5
438 468 2
655 77 6
191 554 7
856 422 2
134 138 8
291 205 10
466 544 5
87 881 4
403 611 8
163 800 2
429 238 10
702 246 10
378 437 6
994 645 8
567 780 8
925 71 4
674 889 10
649 976 4
444 731 5
253 246 8
305 675 8
176 378 4
477 108 3
332 102 9
962 21 9
729 946 2
54 621 3
924 622 9
27 418 2
887 960 8
562 418 6
292 121 4
400 614 8
854 104 10
876 22 10
822 715 4
795 297 10
769 207 7
540 848 3
212 87 3
541 649 3
46 294 5
381 694 1
49 901 5
30 777 9
